65.03	3.183e5
85.01	9.025e6
86.03	3.303e5
97.01	2.015e5
98.92	2.803e5
127.08	3.764e5
128.99	3.136e6
129.67	6.048e4
152.11	3.240e5
153.06	5.265e5
153.95	3.703e5
170.93	2.939e5
196.02	1.199e6
198.00	7.577e6
199.02	6.671e5
199.64	1.628e4
214.98	8.364e5
228.96	1.970e5
238.03	4.446e5
264.09	8.096e4
266.06	2.110e5
282.16	3.143e5
282.77	2.729e4
284.20	3.833e5
308.01	3.515e5
326.08	1.879e6
326.90	3.365e5
328.13	7.203e6
329.15	1.113e6
330.24	1.921e5
331.13	1.279e5
343.13	9.464e5
344.02	4.613e5
367.82	1.318e5
375.05	3.433e5
377.03	2.331e5
378.19	2.231e5
389.17	1.883e5
394.15	5.254e5
395.17	1.556e6
395.99	1.174e6
408.82	5.175e4
411.00	8.251e4
412.02	9.071e5
412.84	1.597e5
413.18	1.928e5
414.00	3.150e5
417.00	2.140e5
417.41	1.075e5
419.32	1.549e5
436.92	1.065e5
438.69	1.690e5
440.12	1.804e6
441.22	4.947e5
442.03	1.322e5
442.44	1.324e5
445.04	2.105e5
445.65	1.297e4
446.06	1.381e5
447.22	2.222e5
447.97	5.972e4
449.06	9.936e4
450.83	6.976e4
451.99	4.855e5
453.15	2.350e5
455.13	5.231e5
456.09	1.329e7
456.97	3.489e6
458.06	1.797e7
459.09	4.060e6
460.18	8.331e5
460.86	1.599e5
461.88	3.450e5
463.11	2.155e6
464.07	1.568e6
465.09	1.451e5
467.07	1.629e5
470.34	1.023e6
471.02	3.465e5
473.07	2.730e5
478.46	1.298e5
479.07	1.468e5
479.69	7.694e4
480.10	1.362e5
481.12	2.736e5
482.07	6.518e5
483.03	3.612e5
483.92	1.200e5
484.60	2.894e4
488.08	9.653e4
495.17	4.549e4
497.97	1.066e5
500.01	5.185e4
500.97	3.599e5
501.86	6.395e4
503.77	3.205e4
504.11	2.382e4
504.86	1.427e5
507.11	1.262e6
508.13	4.115e5
512.77	1.545e5
513.66	4.088e4
514.13	8.793e4
520.14	2.219e5
522.12	3.302e5
523.00	2.344e5
524.09	6.324e5
525.12	1.489e6
526.07	1.326e6
526.96	2.611e5
527.91	1.608e5
528.39	3.703e4
528.94	3.013e5
529.89	1.287e5
531.19	1.976e5
532.14	7.631e4
533.30	3.732e4
534.60	2.456e5
535.35	7.728e4
538.01	2.314e5
538.90	1.039e5
541.15	8.263e4
542.10	3.748e5
543.54	1.093e5
544.29	4.195e5
544.90	7.114e4
546.40	9.070e3
547.15	3.683e5
548.31	1.256e5
549.88	6.820e4
552.68	1.402e5
553.63	2.407e5
556.29	1.675e5
557.11	2.740e5
558.34	6.801e4
561.00	1.165e5
567.96	2.078e5
568.98	8.628e4
569.53	7.896e4
570.07	4.676e5
571.91	2.507e4
572.46	6.951e4
574.10	1.485e5
575.05	1.501e6
576.01	5.299e5
576.89	2.011e5
577.37	1.723e5
577.92	5.141e4
579.01	1.163e5
581.87	7.268e4
582.35	1.177e5
583.03	6.435e5
584.06	1.340e5
585.08	1.175e6
586.03	6.162e6
587.06	1.362e6
588.08	5.377e6
589.17	1.363e6
590.13	3.622e5
590.95	1.900e5
591.63	4.393e4
592.04	1.327e5
593.13	9.377e5
594.15	5.539e5
594.63	1.965e5
595.38	9.858e4
598.31	4.904e4
599.61	2.058e5
600.43	2.844e5
600.97	3.701e4
601.38	7.417e4
602.75	1.534e5
603.29	2.729e5
607.32	7.265e4
608.48	7.990e4
609.09	2.312e5
609.64	2.564e4
610.18	1.563e5
612.30	4.319e5
613.66	4.447e4
618.98	3.171e5
630.17	1.030e5
635.02	1.110e5
635.90	3.101e5
638.08	5.913e5
642.79	1.737e5
643.54	5.640e4
643.95	1.477e5
646.00	1.267e5
649.34	7.039e4
649.82	6.665e4
650.36	1.212e5
651.11	9.817e4
652.07	2.281e5
652.96	2.022e5
653.91	8.058e5
655.14	9.755e5
655.96	9.586e5
657.39	2.007e5
658.28	1.602e5
658.82	1.432e5
659.57	1.464e5
660.12	8.163e4
661.28	2.262e5
664.49	2.159e5
668.03	2.411e5
668.58	2.242e5
672.47	3.618e5
673.56	3.320e5
674.24	1.029e5
674.79	1.297e5
675.54	6.015e4
676.90	3.608e5
677.65	6.122e4
678.20	3.690e5
679.90	7.373e4
682.56	1.865e5
682.97	2.314e5
683.31	1.001e5
684.13	2.394e5
684.61	9.932e4
686.25	3.875e5
687.00	7.791e5
687.75	2.227e5
688.70	1.038e5
689.25	1.149e5
689.80	1.107e5
693.00	1.078e5
693.75	8.271e4
698.05	1.265e5
698.60	1.316e5
699.35	1.654e5
700.23	4.117e5
701.26	1.011e5
701.80	1.763e5
702.76	4.804e4
703.30	3.197e4
704.05	1.650e5
705.08	3.158e6
706.03	1.003e6
707.12	2.911e5
707.60	1.209e5
708.22	2.240e5
708.83	2.892e5
710.67	7.534e4
711.22	3.127e4
712.17	6.343e5
713.20	2.313e5
715.04	7.885e5
716.13	4.461e6
717.08	1.915e6
718.11	4.809e6
718.99	1.901e6
719.75	5.934e5
720.43	1.580e5
720.77	2.265e5
721.31	1.595e5
722.20	7.791e5
722.68	1.474e5
723.22	9.871e5
724.04	5.994e5
724.73	5.730e5
726.02	1.573e5
726.50	1.049e4
726.98	7.822e4
728.14	1.048e5
728.96	5.727e4
729.57	6.575e4
729.91	5.253e4
730.46	1.298e5
730.93	1.127e5
731.68	1.048e5
732.23	3.847e4
733.05	8.025e5
734.28	1.778e5
736.12	6.883e4
738.17	7.808e4
738.57	1.512e5
739.05	3.061e4
739.60	2.587e5
740.42	2.931e5
742.33	6.182e5
742.80	1.077e5
745.06	5.968e4
747.03	6.800e4
747.72	1.553e5
748.67	6.662e5
749.15	2.160e5
749.90	5.149e5
750.79	6.164e4
751.20	4.930e4
754.06	1.547e5
754.47	9.494e3
755.02	1.426e5
755.56	1.692e4
758.22	1.084e5
758.91	1.130e5
760.00	1.229e5
760.54	1.902e5
761.16	1.215e5
762.04	5.355e4
763.34	2.713e4
763.89	7.712e4
764.77	3.473e5
765.25	1.134e5
766.00	1.579e5
767.09	2.361e5
767.64	3.322e5
768.18	2.359e5
769.14	2.629e5
770.16	8.354e4
771.53	3.052e4
772.07	1.098e5
773.10	3.791e5
773.71	2.990e5
774.26	5.838e4
774.73	1.162e5
775.28	8.120e4
780.60	2.283e5
781.97	3.554e5
783.19	3.240e5
784.08	6.214e5
784.56	1.247e5
785.10	9.343e5
786.13	9.042e5
786.88	2.901e5
787.97	2.766e5
788.31	1.189e5
789.20	3.677e5
789.95	1.873e5
791.24	2.413e5
791.99	1.121e5
792.74	1.473e5
793.90	6.836e4
794.31	1.749e5
796.63	1.333e5
797.18	3.033e4
797.86	2.294e5
798.68	4.874e5
799.50	1.316e5
800.18	5.653e4
800.80	4.298e4
802.02	1.379e5
802.57	7.827e4
803.05	2.186e5
803.80	1.279e5
804.21	7.603e4
804.82	1.894e5
805.37	1.597e5
807.28	6.316e5
808.16	4.131e5
808.98	1.543e5
810.01	1.659e5
811.03	6.232e4
812.73	4.881e5
813.35	3.076e5
813.89	2.552e5
814.30	1.709e5
815.19	7.441e4
816.01	2.253e5
817.10	1.056e6
817.99	2.229e5
818.40	8.126e4
819.01	1.363e5
820.65	8.125e4
822.49	3.849e4
823.04	4.560e4
825.08	4.879e4
828.02	1.323e5
828.56	1.942e4
829.18	1.285e5
829.79	4.787e4
830.27	1.381e5
830.81	5.895e4
831.36	8.890e4
831.97	1.676e5
832.52	3.339e5
833.41	2.111e5
833.95	1.569e5
835.39	2.099e6
836.27	8.204e5
837.16	4.738e5
838.11	2.448e5
838.73	4.234e5
840.02	1.014e5
840.57	6.177e4
841.32	2.024e5
843.09	1.064e5
844.05	2.908e4
844.94	2.218e5
846.10	1.914e6
846.98	1.026e6
848.14	2.588e6
849.03	1.076e6
849.78	2.402e5
850.26	2.252e5
851.21	2.202e5
852.17	2.039e5
853.12	7.359e5
854.15	4.457e5
854.90	1.826e5
856.88	9.528e4
857.42	4.104e4
857.97	5.449e4
858.31	3.930e4
860.42	1.476e5
862.54	6.414e4
863.43	5.754e5
864.38	6.908e4
867.79	8.716e4
868.75	1.000e5
869.29	1.705e5
870.11	1.478e5
871.20	1.610e5
871.75	2.885e4
872.36	2.504e5
877.41	2.089e5
878.16	2.017e5
878.98	2.892e5
879.53	4.298e4
879.94	1.658e5
880.96	3.971e4
881.85	4.268e4
883.14	1.360e5
884.24	9.084e4
886.21	2.652e4
888.94	1.716e5
889.97	7.907e4
890.65	7.481e4
891.40	5.416e4
893.72	8.043e4
894.88	6.325e4
895.49	7.305e4
896.04	6.623e4
896.65	1.030e5
897.06	2.765e5
898.09	2.194e5
898.56	3.399e4
899.11	9.190e4
903.13	3.328e5
903.75	1.525e5
904.23	2.653e5
905.05	1.954e5
906.55	1.138e5
906.96	1.091e5
910.71	7.226e4
911.53	1.767e5
912.96	3.497e5
913.98	1.771e5
915.14	4.958e5
916.03	1.379e5
916.64	1.375e5
917.12	7.944e4
918.08	2.064e5
919.17	2.939e4
919.65	9.179e4
919.99	9.656e4
920.46	1.082e5
921.22	1.533e5
922.17	1.164e5
923.67	7.297e4
925.99	3.859e4
927.97	1.774e5
928.72	2.302e5
930.08	4.077e4
931.59	1.401e4
932.13	1.117e5
933.09	2.688e4
934.93	4.691e4
935.61	7.779e4
937.39	2.173e5
938.00	3.526e5
938.82	2.052e5
941.62	7.136e4
943.18	3.110e5
943.94	5.939e4
944.62	1.567e5
945.30	4.262e4
945.78	2.117e5
946.32	7.302e4
947.21	5.391e5
948.10	1.133e5
948.64	7.449e4
949.19	7.035e4
953.69	1.554e5
955.33	5.672e4
957.44	4.153e4
958.74	7.689e4
959.08	5.985e4
959.56	1.077e4
960.99	1.378e5
962.22	8.559e4
962.70	7.861e4
963.31	1.539e5
964.27	5.390e4
965.09	1.122e6
966.18	4.770e5
966.93	1.465e5
968.16	1.759e5
968.63	8.286e4
969.25	1.380e5
970.95	6.351e4
971.84	1.336e5
972.52	4.422e4
976.28	1.282e6
976.89	3.638e5
977.44	1.593e5
978.12	1.194e6
979.07	6.086e5
980.10	1.341e5
980.98	9.801e4
981.46	1.256e4
981.87	1.057e5
982.96	2.168e5
983.51	2.925e5
984.46	6.651e4
985.21	4.050e4
985.76	9.103e4
992.65	7.439e4
993.06	6.087e4
993.88	9.881e4
998.59	6.129e4
999.41	3.653e4
1000.29	1.280e5
1001.73	8.188e4
1002.20	1.880e5
1002.89	1.547e5
1007.73	1.284e5
1008.28	1.117e5
1008.89	1.240e5
1009.50	1.218e5
1011.62	1.403e5
1017.15	5.714e4
1020.76	5.378e4
1022.81	1.728e4
1025.20	1.004e5
1025.67	2.521e4
1026.15	8.024e4
1026.90	3.827e4
1027.38	1.536e5
1028.34	1.705e5
1030.11	5.216e4
1033.25	3.709e5
1034.07	1.950e5
1034.75	2.889e4
1035.50	3.262e4
1035.91	2.234e5
1042.12	1.255e5
1042.87	1.905e5
1043.96	1.826e5
1044.78	2.069e5
1045.26	6.756e4
1046.21	2.209e5
1047.10	5.922e4
1047.58	8.433e4
1048.19	6.176e4
1050.03	1.688e5
1050.72	3.153e4
1051.94	1.057e5
1052.42	8.094e4
1058.08	1.437e5
1058.97	3.200e5
1062.11	1.614e5
1063.41	4.037e4
1065.52	7.752e4
1066.82	9.571e4
1067.30	7.901e4
1067.77	1.303e5
1068.39	6.197e4
1068.86	1.944e5
1069.75	1.144e5
1071.05	3.499e4
1071.87	3.095e4
1072.82	4.385e3
1073.37	4.670e4
1074.05	1.467e5
1075.07	2.923e4
1076.30	1.999e5
1076.98	7.776e4
1077.46	1.857e5
1078.42	1.885e5
1079.03	6.592e4
1079.44	6.128e4
1080.60	1.399e5
1083.19	8.800e4
1084.49	5.880e4
1086.74	1.013e5
1091.65	1.387e5
1092.20	1.019e5
1093.22	1.438e5
1094.18	8.540e4
1095.13	5.715e5
1095.82	1.470e5
1096.16	3.444e5
1096.91	5.556e4
1097.59	1.293e5
1098.07	6.376e4
1098.61	1.054e5
1099.36	4.006e4
1099.84	7.048e4
1100.46	6.888e4
1101.00	5.139e4
1101.68	1.250e5
1102.23	2.245e5
1104.28	4.899e4
1105.10	1.454e5
1106.12	5.494e5
1106.67	2.078e5
1107.48	3.218e5
1108.23	6.452e5
1108.78	1.352e5
1109.39	1.454e5
1110.15	2.656e5
1111.03	3.647e4
1111.78	6.707e4
1112.40	1.063e5
1113.22	2.629e5
1113.76	7.525e4
1114.85	1.312e5
1117.04	5.611e4
1117.38	2.622e4
1117.99	1.504e4
1118.54	7.184e4
1121.88	5.915e4
1124.06	1.915e5
1126.38	9.915e4
1127.48	6.680e3
1128.02	5.746e4
1128.43	2.531e4
1129.32	7.758e4
1132.12	1.919e5
1134.16	5.360e4
1135.60	6.527e4
1137.51	3.755e4
1138.12	9.461e4
1139.14	1.384e5
1139.62	5.480e4
1140.17	7.935e4
1141.05	7.793e4
1144.19	9.118e4
1145.42	4.603e4
1146.04	9.553e4
1147.40	4.608e3
1147.88	1.500e5
1148.63	7.060e4
1149.04	1.453e4
1149.58	7.030e4
1150.20	5.193e3
1150.88	7.752e4
1152.31	4.439e4
1153.20	4.052e4
1154.36	1.136e4
1154.91	2.753e4
1155.86	6.400e4
1156.68	1.031e5
1157.16	7.478e4
1158.04	3.046e5
1159.14	1.912e5
1160.57	1.514e5
1161.87	9.517e4
1162.41	8.885e4
1163.09	1.979e5
1164.19	7.408e4
1164.66	1.099e5
1165.28	6.142e4
1167.19	9.571e4
1167.73	8.861e4
1168.14	8.829e3
1170.74	4.660e4
1171.42	2.448e4
1172.44	8.880e4
1173.06	1.262e5
1173.60	1.286e5
1174.28	4.461e4
1174.83	2.333e5
1175.31	2.944e4
1175.79	5.476e4
1176.33	1.935e5
1177.01	1.456e5
1177.90	5.522e4
1179.33	9.295e4
1180.15	1.132e5
1181.79	1.639e5
1182.40	9.440e4
1183.56	6.873e4
1186.84	3.767e4
1189.30	1.579e5
1190.11	1.275e5
1191.27	5.029e4
1194.00	7.799e4
1194.96	1.024e5
1196.73	1.150e5
1197.35	2.373e5
1198.51	5.881e4
1198.98	1.060e5
1199.53	1.757e5
1200.35	7.666e4
1201.99	3.797e4
1202.74	9.249e4
1203.42	3.814e4
1203.90	4.809e4
1204.44	1.067e5
1204.99	7.715e4
1206.29	8.201e4
1207.38	2.205e5
1207.92	7.963e4
1208.33	6.911e4
1208.95	6.632e4
1212.63	1.521e4
1214.06	2.991e4
1215.02	8.670e4
1219.86	5.348e4
1221.02	2.463e4
1222.25	3.365e4
1223.00	2.065e5
1223.68	3.449e4
1224.16	4.642e4
1225.39	5.340e5
1226.21	1.933e5
1226.82	1.376e5
1227.44	1.036e5
1228.12	1.356e5
1228.87	5.405e4
1229.42	2.138e5
1231.19	7.309e4
1231.74	4.501e4
1232.76	4.574e4
1233.58	5.352e4
1234.19	6.164e3
1234.81	2.667e4
1235.15	2.733e4
1236.17	2.248e5
1236.58	1.279e5
1237.33	2.746e5
1238.15	4.210e5
1238.70	4.316e4
1239.31	2.885e5
1240.68	6.987e4
1242.24	7.854e4
1243.20	2.771e5
1244.16	5.559e4
1244.63	1.325e5
1245.11	7.583e3
1245.66	5.170e4
1246.20	2.553e4
1247.16	3.359e4
1248.39	5.614e4
1251.18	6.126e4
1252.62	3.901e4
1253.37	4.970e4
1254.05	7.402e4
1256.10	6.658e4
1257.67	5.881e4
1259.23	7.312e4
1259.92	3.912e4
1261.15	1.211e5
1261.49	4.092e4
1262.24	1.687e5
1263.33	1.252e5
1264.76	3.160e4
1265.85	8.649e4
1266.95	2.794e4
1268.92	1.956e5
1269.40	7.561e4
1270.83	8.994e4
1271.52	1.421e5
1273.15	3.948e4
1273.70	8.043e4
1274.25	5.683e4
1274.93	3.131e4
1275.47	6.857e4
1277.11	4.396e4
1278.14	3.718e4
1278.55	3.277e4
1279.16	6.470e4
1283.25	9.600e4
1283.94	2.683e4
1284.69	3.855e4
1285.71	5.763e4
1286.73	1.780e5
1287.55	1.319e5
1288.23	9.575e4
1288.78	9.038e4
1289.87	3.648e4
1290.69	4.507e4
1291.92	5.760e4
1292.67	9.867e4
1293.35	1.632e5
1293.83	1.040e5
1295.19	3.699e4
1295.81	4.341e4
1296.56	1.495e5
1297.10	6.608e4
1297.79	1.711e4
1298.54	5.352e4
1299.97	7.741e4
1301.27	5.566e4
1301.61	1.226e4
1302.02	8.966e4
1302.84	9.520e4
1303.93	6.314e4
1304.75	4.303e4
1305.43	1.064e5
1307.54	2.491e5
1308.57	7.910e4
1309.05	3.399e4
1309.59	6.703e3
1310.27	2.112e5
1311.09	1.053e5
1311.64	1.276e5
1312.18	1.603e4
1312.53	3.754e4
1313.41	1.445e5
1315.26	5.263e4
1316.07	4.436e4
1318.19	1.326e5
1318.87	1.197e5
1319.96	6.466e4
1321.87	5.432e4
1322.76	6.224e4
1323.85	2.521e4
1324.33	8.188e4
1326.04	1.820e4
1326.58	3.748e4
1328.08	4.869e4
1328.63	1.319e5
1329.86	1.686e4
1330.47	3.725e4
1330.95	3.289e4
1332.25	6.691e4
1334.16	5.139e4
1334.70	3.618e4
1336.00	1.599e5
1336.89	6.262e4
1337.91	1.317e5
1338.66	1.058e5
1339.34	6.992e4
1339.82	1.566e4
1340.23	3.977e4
1341.80	3.157e4
1343.16	8.736e4
1345.42	3.516e4
1346.10	7.586e4
1348.14	1.937e4
1348.69	8.088e4
1349.58	9.749e4
1351.56	6.426e4
1352.10	5.052e4
1352.51	3.691e4
1353.13	5.520e4
1355.10	2.305e5
1356.06	1.808e5
1357.36	1.518e5
1358.52	1.376e5
1359.13	1.877e4
1359.81	4.745e4
1360.22	4.751e4
1361.79	1.118e5
1363.29	6.624e4
1364.25	1.795e5
1364.79	4.713e4
1365.48	1.669e4
1366.16	1.417e5
1366.91	2.071e5
1367.86	1.555e5
1368.41	1.468e5
1368.82	2.968e4
1369.43	6.729e4
1370.66	7.368e4
1371.55	8.039e4
1372.30	1.009e5
1373.32	1.005e5
1373.94	1.149e5
1374.48	6.621e4
1376.19	7.319e4
1379.19	8.458e4
1379.53	2.515e4
1380.08	2.579e4
1380.56	4.185e4
1383.35	3.989e4
1383.90	7.817e4
1384.51	3.771e4
1386.22	6.770e4
1386.83	4.638e4
1387.38	2.012e4
1388.68	1.503e5
1389.22	4.451e4
1389.70	2.579e4
1390.38	7.457e4
1392.22	1.152e5
1392.77	1.141e4
1393.32	1.384e5
1394.48	4.763e4
1395.09	5.181e4
1396.93	5.613e4
1397.82	4.478e4
1399.05	9.672e4
1399.80	6.216e4
1402.26	1.281e5
1403.48	4.311e4
1404.10	4.104e4
1405.67	7.435e4
1406.42	4.203e4
1407.99	2.285e4
1408.60	6.586e4
1409.49	1.507e5
1411.81	1.347e4
1412.29	5.296e4
1415.97	5.926e4
1416.52	6.544e4
1416.86	3.932e4
1417.20	4.079e4
1417.74	3.698e3
1418.22	5.255e4
1418.84	1.403e5
1419.59	2.207e5
1420.75	9.179e4
1421.29	3.349e4
1422.45	8.072e4
1423.48	9.632e4
1424.09	9.435e4
1425.32	8.193e4
1426.14	9.568e4
1426.89	1.410e5
1427.57	1.878e4
1428.18	9.051e4
1430.57	2.069e4
1431.19	7.008e4
1432.96	9.180e4
1433.92	1.430e5
1435.01	9.379e4
1436.03	7.539e4
1437.53	2.217e4
1437.94	1.037e5
1438.97	1.829e4
1439.92	3.857e4
1440.74	1.134e5
1441.22	1.837e5
1442.86	3.715e4
1444.63	8.178e4
1445.24	3.511e4
1445.72	1.086e4
1447.77	2.122e4
1448.31	1.973e4
1448.79	8.127e4
1449.41	5.455e4
1450.16	9.239e4
1452.20	5.536e4
1452.75	7.763e4
1453.84	1.013e5
1454.32	9.559e3
1455.14	5.216e4
1455.75	3.720e4
1457.12	6.299e4
1457.53	7.909e4
1458.41	5.868e4
1459.16	4.472e4
1459.91	6.281e4
1460.66	6.708e4
1461.35	9.555e4
1462.10	3.152e3
1462.51	4.251e4
1463.60	3.626e4
1464.14	2.821e4
1464.69	9.196e3
1465.37	6.864e4
1465.78	7.849e4
1466.67	6.334e4
1467.76	6.168e4
1468.58	1.154e5
1469.26	2.691e4
1469.67	2.630e4
1470.76	4.734e4
1471.17	6.779e4
1474.18	8.438e4
1475.06	5.492e4
1475.74	4.148e4
1477.25	5.092e4
1479.63	9.752e4
1480.18	9.793e4
1480.73	5.342e3
1481.27	4.178e4
1481.61	5.796e4
1482.36	5.808e4
1482.84	1.014e4
1483.32	8.654e4
1484.27	7.543e4
1484.82	7.533e3
1485.57	1.217e5
1486.32	2.962e5
1487.55	5.653e4
1488.50	8.326e4
1489.05	7.934e4
1490.21	1.274e5
1491.17	8.685e4
1491.64	1.395e5
1492.53	4.772e4
1493.01	3.722e4
1493.76	2.947e4
1494.51	6.382e4
1495.33	1.424e4
1495.74	5.379e4
1496.83	1.442e5
1497.51	7.244e4
1497.92	1.286e4
1498.33	9.270e4
1498.94	2.030e5
1500.24	7.710e4
1501.81	5.579e4
1502.36	2.918e4
1502.97	2.499e4
1503.52	6.526e4
1504.13	1.015e5
1506.25	3.314e4
1507.41	9.591e4
1512.86	6.114e4
1514.23	6.606e4
1515.46	2.936e4
1517.03	6.927e4
1518.46	7.355e4
1519.07	5.352e4
1519.62	2.069e5
1520.17	6.092e4
1521.33	6.392e4
1522.42	9.074e4
1523.24	9.667e4
1525.42	2.454e4
1526.24	7.009e4
1526.85	3.370e4
1527.60	3.855e4
1528.42	7.657e4
1529.24	9.431e4
1530.06	4.480e4
1530.95	4.638e4
1531.49	6.795e4
1532.24	1.549e5
1533.13	3.172e4
1533.68	5.650e4
1534.02	1.832e4
1534.43	6.952e4
1535.72	2.722e4
1537.43	9.026e4
1538.25	9.732e4
1540.71	1.077e5
1541.80	1.187e5
1542.75	6.286e4
1543.91	5.281e4
1544.94	3.161e4
1545.34	9.127e4
1546.10	8.720e4
1547.39	4.767e4
1548.28	7.277e4
1548.62	2.343e4
1549.51	1.043e5
1550.39	4.502e4
1551.21	2.513e5
1551.76	1.186e4
1552.17	8.138e4
1552.78	6.020e4
1553.74	1.011e5
1554.28	7.683e4
1556.26	1.484e5
1557.01	2.899e4
1558.92	1.108e5
1559.54	2.651e4
1560.08	1.814e4
1560.49	6.298e4
1561.86	5.650e4
1563.02	1.873e4
1563.56	1.096e5
1565.34	9.400e4
1565.75	5.677e4
1566.57	3.396e4
1567.18	1.900e4
1567.52	4.382e4
1568.00	1.477e3
1568.55	1.285e5
1569.09	6.439e4
1569.43	2.790e4
1570.59	1.188e5
1571.27	1.226e4
1571.89	2.496e5
1572.84	1.416e4
1573.46	8.369e4
1574.00	2.952e4
1574.41	1.127e5
1575.03	2.727e4
1575.51	2.059e4
1576.05	1.932e4
1576.94	8.754e4
1577.55	4.598e4
1578.64	7.740e4
1582.53	1.590e5
1584.65	3.636e4
1585.06	2.266e4
1586.29	8.388e4
1587.58	5.270e4
1588.06	6.040e4
1588.54	9.894e3
1589.08	5.249e4
1589.56	1.217e5
1590.65	4.220e4
1592.43	8.340e4
1592.97	3.132e4
1593.79	5.173e4
1594.61	1.143e5
1595.50	2.523e4
1596.11	6.125e4
1596.93	9.297e4
1597.27	1.096e5
1597.82	5.521e4
1598.16	4.858e4
1598.91	1.504e5
1599.59	5.509e4
1600.75	2.986e4
1601.64	8.100e4
1602.53	3.718e4
1604.37	1.102e5
1604.85	8.335e4
1605.67	4.516e4
1606.07	8.228e4
1606.69	4.700e4
1607.37	6.837e3
1607.99	4.388e4
1609.69	7.051e4
1611.47	4.672e4
1612.22	9.332e4
1613.17	3.736e4
1613.79	2.731e4
1614.33	1.265e5
1615.35	1.588e5
1616.65	6.668e4
1617.27	5.660e4
1619.11	6.036e4
1619.72	5.145e4
1620.68	2.058e4
1621.22	7.804e4
1622.38	7.776e4
1622.93	9.223e3
1623.54	6.507e4
1624.16	6.321e4
1625.25	5.904e4
1626.00	5.734e4
1626.89	7.444e4
1627.43	8.444e4
1628.39	1.425e5
1629.00	3.184e3
1629.55	3.194e4
1629.89	7.991e4
1630.50	8.897e4
1631.25	7.514e4
1631.80	2.448e4
1632.35	7.891e4
1632.89	3.236e4
1633.30	5.386e4
1633.78	2.141e4
1634.67	6.297e4
1635.35	1.404e4
1635.83	4.685e4
1636.37	1.071e5
1637.19	7.032e4
1637.80	3.489e4
1638.42	6.623e4
1639.10	2.323e4
1640.19	1.756e5
1640.67	3.569e4
1642.17	6.528e4
1643.20	5.840e4
1644.63	8.210e4
1645.17	6.499e4
1645.92	1.170e5
1646.54	5.302e4
1647.22	9.429e4
1648.59	1.837e5
1649.54	1.293e5
1650.77	5.586e4
1652.34	5.766e4
1652.75	2.354e4
1653.09	2.973e4
1653.64	5.820e2
1654.11	3.522e4
1654.93	6.852e4
1655.41	1.474e5
1656.43	3.963e4
1657.39	8.127e4
1658.14	4.839e4
1658.62	9.511e4
1659.44	1.084e5
1660.25	8.882e4
1661.89	7.218e4
1662.85	2.770e4
1664.48	1.970e4
1665.03	3.119e4
1665.51	1.767e5
1669.06	5.957e4
1669.81	4.721e4
1671.58	1.976e5
1672.40	1.064e3
1673.83	4.037e4
1674.45	7.881e4
1675.13	5.972e4
1677.86	2.315e5
1678.47	6.647e4
1679.36	2.566e4
1679.84	6.723e4
1680.66	1.124e5
1681.61	8.812e4
1682.36	4.151e4
1682.84	5.307e4
1683.39	1.509e5
1684.41	1.211e5
1685.50	6.081e4
1686.12	7.081e4
1686.73	9.399e4
1687.48	4.736e4
1688.09	4.547e4
1689.46	3.072e4
1689.87	4.651e4
1690.82	7.727e4
1691.85	3.789e4
1692.94	7.309e4
1694.58	8.801e4
1695.05	5.623e4
1696.01	9.573e4
1696.49	5.079e4
1696.96	1.570e5
1698.74	8.168e4
1699.28	1.458e5
1700.79	5.694e4
1701.74	2.600e4
1702.42	1.168e4
1705.02	7.998e4
1706.38	6.438e4
1706.93	2.406e4
1709.11	9.273e4
1709.79	9.402e4
1710.41	8.953e4
1711.23	8.080e4
1712.45	5.184e4
1712.93	5.983e4
1714.43	4.204e4
1714.91	1.210e5
1715.93	2.011e5
1720.92	7.341e4
1722.35	9.749e4
1723.51	6.393e4
1724.33	1.880e4
1724.94	6.592e4
1725.76	1.427e5
1726.51	3.766e4
1727.33	1.037e5
1727.81	4.733e3
1728.35	1.254e5
1728.83	2.132e4
1729.24	4.526e4
1729.79	9.029e4
1730.40	3.037e4
1731.01	5.192e4
1732.65	5.248e4
1733.68	1.891e5
1736.54	2.490e4
1737.16	3.179e4
1737.70	7.063e4
1738.52	4.204e4
1739.27	1.070e5
1740.36	1.192e5
1741.18	4.018e4
1742.89	4.853e4
1743.36	7.210e4
1743.91	4.341e4
1745.07	1.253e5
1745.62	3.333e4
1746.50	1.579e5
1746.98	2.373e4
1747.66	4.010e4
1748.82	3.049e4
1749.30	4.018e4
1750.39	1.586e4
1751.55	1.058e5
1752.10	1.124e4
1752.64	3.104e4
1753.26	1.414e5
1753.94	1.843e4
1754.49	8.590e4
1755.72	3.155e4
1756.06	3.160e4
1756.40	8.046e3
1756.88	8.530e4
1757.69	2.514e4
1758.04	5.346e4
1758.51	5.720e4
1758.85	2.445e4
1759.40	4.854e4
1760.01	6.450e4
1760.63	6.903e4
1761.45	2.661e4
1762.06	1.814e4
1762.81	4.300e4
1763.36	4.044e4
1763.97	5.690e4
1767.72	4.357e4
1768.27	4.770e4
1769.50	5.688e4
1770.11	7.238e4
1770.73	7.175e4
1771.89	3.260e4
1773.25	6.977e4
1774.07	2.909e4
1774.75	9.350e3
1775.30	9.134e4
1775.84	1.651e3
1776.73	4.616e4
1777.21	7.983e4
1777.76	5.226e4
1778.71	1.893e4
1779.12	1.077e5
1779.87	8.924e3
1780.48	1.373e5
1781.37	5.699e4
1783.08	9.352e4
1784.37	3.536e4
1785.12	8.080e4
1786.69	2.888e4
1787.10	7.646e4
1788.67	2.608e5
1789.56	1.104e4
1791.20	4.239e4
1792.08	2.886e4
1792.84	2.692e4
1793.59	1.619e4
1794.54	1.106e5
1795.56	1.150e5
1796.93	6.448e4
1798.84	1.301e5
1800.41	6.766e4
1801.16	5.691e4
1801.91	5.841e4
1802.46	7.979e4
1803.82	4.009e4
1804.84	3.056e4
1805.46	1.269e4
1806.21	1.247e5
1807.23	4.079e4
1807.98	1.304e5
1809.28	9.674e4
1810.30	3.354e4
1810.85	1.748e5
1812.01	2.414e4
1812.49	3.899e4
1813.51	8.436e4
1814.26	5.669e4
1814.74	6.532e4
1815.35	4.444e4
1816.24	7.334e4
1816.99	4.861e4
1817.74	1.721e4
1819.17	1.030e5
1819.79	1.868e4
1820.40	3.882e4
1820.74	3.099e4
1821.56	7.155e4
1822.18	4.928e4
1825.66	1.031e5
1826.07	4.744e4
1826.75	9.676e4
1827.57	7.601e3
1828.18	3.965e4
1828.66	8.843e4
1829.07	6.113e4
1830.36	1.286e4
1830.77	4.162e4
1831.32	5.784e4
1832.14	4.442e4
1832.55	2.208e4
1833.44	9.598e4
1833.91	6.918e4
1834.94	2.450e4
1835.82	5.887e4
1836.85	1.622e5
1838.48	8.814e4
1839.17	7.376e4
1839.71	2.198e4
1840.12	2.630e4
1840.87	4.811e4
1841.42	4.649e4
1842.03	2.375e4
1842.65	3.089e4
1845.10	4.647e4
1845.85	5.349e4
1847.15	1.287e5
1847.70	1.469e4
1848.24	5.976e4
1849.47	8.650e4
1850.22	5.796e4
1850.83	3.890e4
1851.59	6.485e4
1852.75	2.476e4
1853.22	1.746e4
1853.77	6.030e4
1854.18	7.857e4
1854.86	3.246e4
1855.48	4.731e4
1855.88	9.947e3
1857.45	1.405e5
1858.07	7.007e4
1858.68	2.324e4
1859.36	1.179e5
1860.46	6.678e4
1861.41	5.318e4
1862.71	1.353e5
1863.39	9.330e4
1863.94	3.340e4
1864.48	6.555e4
1865.10	1.189e5
1866.05	1.410e5
1867.83	1.180e4
1868.64	2.289e4
1869.19	2.091e4
1870.08	1.241e5
1870.69	3.806e4
1871.65	4.442e4
1872.81	1.334e5
1874.38	3.937e4
1875.19	6.808e4
1879.29	3.698e4
1880.04	5.684e4
1881.47	6.050e4
1882.09	2.821e4
1882.63	1.058e5
1883.59	7.928e4
1884.13	7.665e4
1885.98	3.441e4
1886.32	3.243e4
1888.71	1.584e5
1890.00	5.378e4
1890.62	5.161e4
1892.66	9.851e4
1893.14	4.206e4
1893.62	3.740e4
1894.44	1.309e4
1894.98	5.792e4
1895.53	1.082e4
1895.94	7.274e3
1897.03	7.365e4
1899.01	1.899e4
1899.55	5.726e4
1900.37	5.488e4
1901.26	2.972e4
1903.17	5.642e4
1903.72	6.081e4
1904.40	2.798e4
1904.95	1.315e4
1905.42	2.878e4
1906.17	7.781e4
1906.79	8.453e4
1907.54	1.162e4
1908.15	9.249e4
1909.18	3.166e4
1910.13	5.397e4
1910.68	2.797e4
1911.29	8.022e4
1911.77	5.776e4
1912.25	4.218e4
1913.34	6.938e4
1913.88	2.064e4
1914.29	8.277e4
1914.77	2.762e4
1916.20	5.773e4
1916.75	3.249e4
1917.84	3.572e4
1918.93	4.450e4
1919.41	6.910e4
1919.96	2.087e4
1920.30	7.077e4
1922.69	3.510e4
1923.50	3.583e4
1924.19	7.055e4
1925.96	3.719e4
1926.51	5.116e4
1927.74	6.146e4
1930.12	6.001e4
1931.01	4.207e4
1931.69	7.038e3
1932.17	5.188e4
1932.78	1.413e4
1933.54	7.959e4
1934.83	4.202e4
1937.08	6.710e4
1938.31	3.041e4
1939.27	1.150e5
1939.74	2.750e4
1940.49	4.452e4
1940.90	3.743e4
1942.95	7.823e4
1945.61	5.077e4
1947.05	2.126e4
1947.59	4.890e4
1948.07	3.878e3
1948.68	3.055e4
1949.91	4.443e4
1950.59	5.121e4
1951.55	5.270e4
1953.25	1.695e5
1953.94	8.445e4
1955.51	7.372e4
1956.33	6.076e4
1957.08	1.916e4
1959.12	5.764e4
1959.67	4.053e4
1960.42	2.541e4
1960.97	5.602e4
1961.51	3.012e4
1962.26	1.768e4
1963.76	3.749e4
1964.58	2.856e4
1966.15	6.566e4
1967.31	5.299e4
1970.93	8.364e4
1971.61	8.809e4
1974.00	9.333e4
1974.88	2.611e4
1975.70	4.424e4
1976.59	4.248e4
1976.93	2.122e4
1977.27	3.392e4
1977.89	5.204e4
1978.43	6.062e3
1978.91	4.547e4
1980.28	4.057e4
1980.82	3.558e4
1982.39	2.768e4
1983.48	1.053e5
1984.98	1.744e4
1985.46	4.012e3
1985.94	2.323e4
1986.55	7.143e4
1987.58	8.158e4
1988.53	3.687e4
1989.28	7.649e4
1990.24	9.283e4
1991.06	4.806e4
1991.67	1.352e4
1992.69	5.747e4
1994.33	5.459e4
1995.29	8.382e4
1995.70	3.302e4
1996.17	2.823e4
